chair .25 0.9053 0.5713 0.1901 0.2594
mouse .25 0.4898 0.5803 0.0155 0.0112
laptop .26 0.2827 0.5416 0.0445 0.0516
mouse .32 0.4549 0.5803 0.0201 0.0092
chair .57 0.3359 0.6753 0.1192 0.0322
chair .61 0.2285 0.5886 0.0592 0.1292
person .66 0.2509 0.5386 0.0451 0.0931
chair .70 0.7840 0.6535 0.1004 0.1223
chair .76 0.1951 0.7145 0.0666 0.0522
tvmonitor .77 0.4930 0.5602 0.0331 0.0493
tvmonitor .89 0.4428 0.5453 0.0449 0.0512
tvmonitor .91 0.3987 0.5429 0.0469 0.0548
tvmonitor .92 0.2827 0.5416 0.0445 0.0516
person .99 0.6972 0.4645 0.1242 0.5083
