tvmonitor .25 0.2173 0.5206 0.0349 0.0286
chair .31 0.9053 0.5714 0.1895 0.2589
mouse .31 0.4550 0.5802 0.0200 0.0091
chair .33 0.4011 0.6166 0.0625 0.1367
tie .42 0.7291 0.3233 0.0121 0.0381
chair .47 0.3361 0.6752 0.1193 0.0318
chair .53 0.2279 0.5883 0.0595 0.1266
person .70 0.2520 0.5391 0.0434 0.0943
chair .75 0.7836 0.6500 0.1020 0.1187
tvmonitor .81 0.4929 0.5603 0.0332 0.0496
chair .82 0.1950 0.7142 0.0665 0.0516
tvmonitor .90 0.4426 0.5454 0.0460 0.0509
tvmonitor .92 0.2828 0.5417 0.0440 0.0515
tvmonitor .93 0.3985 0.5426 0.0466 0.0551
person .99 0.7010 0.4636 0.1049 0.5095
